
696
(
2868
2900
2932
2964
2996
3028
3060
3092
3124
3156
3188
3220
3252
3284
3316
3719
3721
3723
3725
3727
3729
3731
3733
4344
4376
4408
4440
4472
4504
4536
4568
4600
4632
4664
4696
4728
4760
4792
4824
4856
4888
4920
4952
4984
5016
5048
5080
5112
5144
5176
5208
5240
6113
6115
6117
6119
6121
6123
6125
6127
6129
6131
6133
6135
6137
6139
6141
6143
6145
6147
6149
6151
6153
6155
6157
6159
6161
6163
6165
6167
6169
6411
6413
6415
6417
6419
6421
6423
6425
6456
6488
6520
6552
6584
6616
6648
6680
6712
6744
6776
6808
6840
6872
6904
6936
6968
7000
7032
7064
7096
7128
7160
7192
7224
7256
7288
7320
7352
7384
7416
7448
7480
7512
7544
7576
7608
7640
7672
7704
7736
7768
7800
7832
7864
7896
7928
7960
7992
8024
8056
8088
8120
8152
8184
8216
8248
8280
8312
8344
8376
8408
8440
8472
8504
8536
8568
8600
8632
8664
8696
8728
8760
8792
8824
8856
8888
8920
8952
8984
9016
9048
9080
9112
9144
9176
9208
9240
9272
9304
9336
9368
9400
9432
9464
9496
9528
9560
9592
9624
9656
9688
9720
9752
9784
9816
9848
9880
9912
9944
9976
10008
10040
10072
10104
10136
10168
10200
10232
10264
10296
10328
10360
10392
10424
10456
10488
10520
10552
10584
10616
10648
10680
10712
10744
10776
10808
10840
10872
10904
10936
10968
11000
11032
11064
11096
11128
11160
11192
11224
11256
11288
11320
11352
20732
20822
20912
21002
21092
21182
21272
21362
21452
21542
21632
21722
21812
21902
21992
22082
22172
22262
22352
22442
22532
22622
22712
22802
22892
22982
23072
23162
23252
23342
23432
23522
23612
23702
23792
23882
23972
24062
24152
24242
24332
24422
24512
24602
24692
24782
24872
24962
25052
25142
25232
25322
25412
25502
25592
25682
25772
25862
25952
26042
26132
26222
26312
26402
26492
26582
26672
26762
26852
30815
30817
30819
30821
30823
30825
30827
30829
30831
30833
30835
30837
30839
30841
30843
30845
30847
30849
30851
30853
30855
30857
30859
30861
30863
30865
30867
30869
30871
30873
30875
30877
30879
30881
30883
30885
30887
30889
30891
30893
30895
30897
30899
30901
30903
30905
30995
31085
31175
31265
31355
31445
31535
31625
31715
31805
31895
31985
32075
32165
32255
32345
32435
32525
32615
32705
32795
32885
32975
33065
33155
33245
33335
33425
33515
33605
33695
33785
33875
33965
34055
34145
34235
34325
34415
34505
34595
34685
34775
34865
34984
35016
35048
35080
35112
35144
35176
35208
35240
35272
35304
35336
35368
35400
35432
35464
35496
35528
35560
35592
35624
35656
35688
35720
35752
35784
35816
35848
35880
35912
35944
35976
36008
36040
36072
36104
36136
36168
36200
36232
36264
36296
36328
36360
36392
36424
36456
36488
36520
36552
36584
36616
36648
36680
36712
36744
36776
36808
36840
36872
36904
36936
36968
37000
37032
37064
37096
37128
37160
37192
37224
37256
37288
37320
37352
37384
37416
37448
37480
37512
37544
37576
37608
37640
37672
37704
37736
37768
37800
37832
37864
37896
37928
37960
37992
38024
38056
38088
38120
38152
38184
38216
38248
38280
38312
38344
38376
38408
38440
38472
38504
38536
38568
38600
38632
38664
38696
38728
38760
38792
38824
38856
38888
38920
38952
38984
39016
39048
39080
39112
39144
39176
39208
39240
39272
39304
39336
39368
39400
39432
39464
39496
39528
39560
39592
39624
39656
39688
39720
39752
39784
39816
39848
39880
80284
80384
80484
80584
80684
80784
80884
80984
81084
81184
81284
81384
81484
81584
81684
81784
81884
81984
82084
82184
82284
82384
82484
82584
82684
82784
82884
82984
83084
83184
83284
83384
83484
83584
83684
83784
83884
83984
84084
84184
84284
84384
84484
84584
84684
84784
84884
84984
85084
85184
85284
85384
85484
85584
85684
85784
85884
85984
86084
86184
86284
86384
86484
86584
86684
86784
86884
86984
87084
87184
94047
94049
94051
94053
94055
94057
94059
94061
94063
94065
94067
94069
94071
94073
94075
94077
94079
94081
94083
94085
94087
94089
94091
94093
94095
94097
94099
94101
94103
94105
94107
94109
94111
94113
94115
94117
94119
94121
94123
94125
94127
94129
94131
94133
94135
94137
94139
94141
94143
94145
94147
94149
94151
94153
94155
94157
94159
94161
94163
94165
94167
94169
94171
94173
94175
94177
94179
94181
94183
94185
)
